import { MidiData } from 'midi-file';

export const header = [
  82, 111, 111, 116, 0, 1, 0, 0, 0, 2, 40, 76, 101, 97, 102, 0, 77, 97, 105,
  110, 46, 109, 105, 100, 0, 0, 0, 0, 77,
];

export const midiObject: MidiData = {
  header: {
    format: 0,
    numTracks: 1,
    ticksPerBeat: 384,
  },
  tracks: [
    [
      {
        deltaTime: 0,
        meta: true,
        type: 'timeSignature',
        numerator: 4,
        denominator: 4,
        metronome: 24,
        thirtyseconds: 8,
      },
      {
        deltaTime: 0,
        meta: true,
        type: 'setTempo',
        microsecondsPerBeat: 588235,
      },
      {
        deltaTime: 0,
        meta: true,
        type: 'keySignature',
        key: 4,
        scale: 0,
      },
      {
        deltaTime: 1536,
        meta: true,
        type: 'text',
        text: 'A m',
      },
      {
        deltaTime: 1545,
        meta: true,
        type: 'text',
        text: 'F ',
      },
      {
        deltaTime: 1499,
        meta: true,
        type: 'text',
        text: 'G ',
      },
      {
        deltaTime: 1557,
        meta: true,
        type: 'text',
        text: 'E ',
      },
      {
        deltaTime: 1543,
        meta: true,
        type: 'endOfTrack',
      },
    ],
  ],
};

export const xmlData = [
  76, 101, 97, 102, 0, 67, 108, 105, 112, 68, 101, 115, 99, 114, 105, 112, 116,
  105, 111, 110, 46, 120, 109, 108, 0, 0, 0, 1, 172, 60, 63, 120, 109, 108, 32,
  118, 101, 114, 115, 105, 111, 110, 61, 34, 49, 46, 48, 34, 32, 101, 110, 99,
  111, 100, 105, 110, 103, 61, 34, 117, 116, 102, 45, 56, 34, 32, 115, 116, 97,
  110, 100, 97, 108, 111, 110, 101, 61, 34, 121, 101, 115, 34, 63, 62, 13, 10,
  60, 67, 76, 73, 80, 32, 116, 121, 112, 101, 61, 34, 67, 104, 111, 114, 100,
  67, 108, 105, 112, 34, 32, 118, 101, 114, 115, 105, 111, 110, 61, 34, 48, 34,
  32, 114, 101, 108, 101, 97, 115, 101, 61, 34, 51, 34, 62, 13, 10, 32, 32, 60,
  82, 69, 83, 79, 85, 82, 67, 69, 32, 110, 97, 109, 101, 61, 34, 77, 97, 105,
  110, 46, 109, 105, 100, 34, 47, 62, 13, 10, 32, 32, 60, 80, 65, 82, 65, 77,
  83, 62, 13, 10, 32, 32, 32, 32, 60, 83, 121, 110, 99, 32, 115, 116, 97, 114,
  116, 61, 34, 52, 34, 32, 115, 116, 97, 114, 116, 114, 101, 99, 61, 34, 52, 34,
  32, 115, 121, 110, 99, 61, 34, 50, 34, 47, 62, 13, 10, 32, 32, 32, 32, 60, 65,
  112, 112, 101, 97, 114, 105, 110, 103, 84, 105, 109, 101, 83, 105, 103, 110,
  97, 116, 117, 114, 101, 32, 110, 117, 109, 101, 114, 97, 116, 111, 114, 61,
  34, 52, 34, 32, 100, 101, 110, 111, 109, 105, 110, 97, 116, 111, 114, 61, 34,
  50, 34, 47, 62, 13, 10, 32, 32, 32, 32, 60, 76, 111, 111, 112, 32, 110, 117,
  109, 98, 101, 114, 61, 34, 45, 49, 34, 32, 108, 101, 110, 103, 116, 104, 61,
  34, 45, 49, 34, 47, 62, 13, 10, 32, 32, 32, 32, 60, 83, 116, 97, 114, 116, 32,
  102, 105, 110, 101, 83, 108, 105, 100, 101, 61, 34, 48, 34, 32, 109, 101, 97,
  115, 117, 114, 101, 61, 34, 48, 34, 47, 62, 13, 10, 32, 32, 32, 32, 60, 80,
  105, 116, 99, 104, 47, 62, 13, 10, 32, 32, 32, 32, 60, 79, 114, 105, 103, 105,
  110, 97, 108, 75, 101, 121, 32, 114, 111, 111, 116, 49, 61, 34, 52, 34, 32,
  109, 111, 100, 101, 49, 61, 34, 48, 34, 32, 114, 111, 111, 116, 50, 61, 34,
  48, 34, 32, 109, 111, 100, 101, 50, 61, 34, 48, 34, 47, 62, 13, 10, 32, 32,
  60, 47, 80, 65, 82, 65, 77, 83, 62, 13, 10, 60, 47, 67, 76, 73, 80, 62, 13,
  10,
];
